f 179 2117 299 2182 0
n 367 2166 374 2183 0
V 380 2165 396 2183 0
I 402 2165 409 2183 0
v 415 2164 452 2182 0
u 458 2161 498 2182 0
v 616 2163 655 2182 0
T 1399 2111 1515 2178 0
. 253 2027 255 2029 0
. 279 2029 298 2048 0
S 579 2031 592 2048 0
e 593 2031 604 2043 0
s 605 2031 627 2043 0
i 628 2031 632 2047 0
o 634 2031 646 2043 0
n 648 2031 658 2043 0
w 666 2026 687 2043 0
a 688 2030 699 2043 0
r 701 2030 708 2043 0
: 710 2030 714 2042 0
M 539 2006 565 2023 0
n 568 2006 578 2019 0
k 580 2006 603 2023 0
d 609 2006 621 2023 0
e 623 2006 634 2019 0
l 640 2006 645 2023 0
a 646 2006 657 2019 0
s 664 2006 675 2019 0
e 676 2006 687 2018 0
s 688 2006 698 2018 0
s 699 2005 710 2018 0
l 712 2006 715 2022 0
o 717 2005 729 2018 0
n 730 2005 741 2018 0
: 749 2005 754 2017 0
E 838 1983 1020 2040 0
M 1168 2003 1183 2019 0
o 1185 2002 1196 2015 0
i 1198 2003 1202 2018 0
s 1204 2002 1214 2015 0
: 1222 2002 1226 2014 0
M 1322 2002 1337 2018 0
D 1355 1985 1404 2033 0
N 1421 2002 1435 2018 0
D 1452 1985 1500 2033 0
. 309 1957 333 1996 0
C 577 1981 590 1998 0
o 591 1981 603 1994 0
n 605 1981 616 1994 0
v 618 1981 628 1993 0
o 629 1981 641 1994 0
c 642 1981 653 1994 0
a 654 1981 664 1994 0
t 665 1981 672 1997 0
o 672 1981 684 1994 0
ﬁ 686 1981 698 1997 0
a 700 1981 710 1993 0
: 712 1981 716 1992 0
M 1174 1978 1190 1994 0
e 1192 1978 1203 1990 0
s 1204 1978 1214 1990 0
: 1216 1978 1220 1989 0
s 496 1905 509 1922 0
w 511 1901 585 1922 0
m 590 1905 651 1923 0
m 652 1901 725 1922 0
m 727 1905 790 1921 0
m 792 1884 862 1940 0
: 862 1884 932 1940 0
: 932 1884 1002 1940 0
: 1002 1884 1072 1939 0
: 1072 1883 1142 1939 0
: 1142 1883 1212 1938 0
: 1212 1882 1282 1938 0
j 1282 1882 1343 1937 0
I 164 1886 168 1904 0
n 170 1886 182 1899 0
t 183 1885 192 1902 0
e 193 1885 204 1899 0
m 206 1885 237 1899 0
t 238 1885 247 1901 0
i 249 1885 253 1904 0
m 254 1885 281 1899 0
a 282 1885 292 1899 0
l 294 1885 299 1905 0
h 308 1885 331 1904 0
c 332 1884 343 1898 0
c 344 1884 355 1898 0
a 356 1884 367 1898 0
l 369 1884 374 1904 0
a 375 1884 386 1898 0
u 387 1884 399 1897 0
r 401 1884 409 1897 0
e 409 1884 421 1897 0
a 422 1884 433 1897 0
t 433 1884 442 1900 0
e 442 1884 454 1897 0
B 171 1854 183 1873 0
a 184 1854 194 1868 0
c 196 1854 207 1868 0
c 207 1854 218 1868 0
a 219 1854 229 1868 0
l 232 1854 237 1874 0
a 239 1854 249 1867 0
u 251 1854 262 1867 0
r 264 1854 271 1867 0
é 273 1854 285 1872 0
a 286 1854 297 1867 0
t 297 1854 307 1870 0
l 313 1854 318 1872 0
n 319 1853 331 1867 0
m 332 1853 353 1869 0
m 355 1853 375 1866 0
a 377 1853 387 1866 0
t 388 1853 396 1869 0
i 399 1853 402 1871 0
m 404 1853 430 1866 0
a 431 1853 442 1866 0
l 443 1853 448 1873 0
P 1328 1831 1340 1848 0
. 224 1838 228 1842 0
. 396 1836 400 1840 0
a 1342 1831 1353 1844 0
p 1354 1827 1365 1844 0
e 1367 1831 1378 1844 0
r 1379 1831 1386 1844 0
: 1388 1831 1392 1843 0
h 173 1823 196 1842 0
‘ 198 1823 209 1837 0
h 210 1823 222 1843 0
' 224 1823 227 1836 0
l 230 1823 235 1843 0
‘ 237 1823 242 1843 0
° 244 1823 256 1836 0
” 257 1823 276 1836 0
t 277 1823 286 1839 0
° 286 1822 300 1836 0
' 308 1823 311 1841 0
m 314 1822 335 1839 0
e 336 1822 348 1836 0
m 349 1822 370 1836 0
a 371 1822 382 1836 0
° 383 1821 394 1835 0
' 396 1822 399 1835 0
° 401 1821 415 1835 0
" 416 1822 428 1835 0
a 429 1822 439 1835 0
l 441 1822 446 1842 0
L 540 1808 551 1825 0
e 552 1808 563 1821 0
v 564 1808 575 1820 0
e 576 1808 587 1821 0
l 588 1808 592 1824 0
/ 598 1808 606 1825 0
N 612 1808 625 1824 0
i 627 1808 630 1824 0
v 632 1808 643 1820 0
e 644 1808 655 1821 0
a 655 1808 666 1821 0
u 668 1808 678 1821 0
/ 684 1808 692 1825 0
N 698 1809 711 1825 0
i 713 1809 717 1825 0
v 719 1809 729 1821 0
e 730 1808 741 1821 0
l 742 1809 746 1825 0
: 749 1809 752 1820 0
H 911 1808 924 1825 0
L 926 1808 937 1825 0
/ 942 1808 951 1825 0
N 956 1808 969 1825 0
S 971 1808 984 1825 0
D 997 1791 1046 1840 0
S 1116 1807 1129 1824 0
L 1131 1808 1142 1824 0
/ 1147 1808 1155 1824 0
N 1161 1808 1174 1824 0
M 1176 1807 1191 1824 0
D 1205 1790 1252 1839 0
E 1313 1807 1325 1827 0
p 1327 1803 1339 1819 0
m 1340 1807 1371 1819 0
v 1373 1807 1383 1819 0
e 1384 1806 1395 1819 0
: 1403 1806 1407 1818 0
D 1452 1790 1499 1838 0
P 1322 1782 1334 1798 0
m 1336 1782 1355 1794 0
e 1357 1782 1368 1795 0
b 1369 1782 1380 1798 0
a 1381 1782 1392 1795 0
: 1394 1782 1398 1793 0
S 562 1730 575 1747 0
e 576 1730 587 1743 0
s 588 1730 598 1743 0
s 599 1730 610 1743 0
i 611 1730 615 1746 0
o 617 1730 629 1742 0
n 630 1730 641 1742 0
n 649 1730 660 1743 0
u 662 1730 672 1742 0
m 674 1730 692 1743 0
b 693 1730 705 1746 0
e 706 1730 717 1743 0
r 718 1730 725 1743 0
: 727 1730 731 1742 0
w 572 1706 612 1722 0
m 613 1705 654 1718 0
m 655 1705 695 1722 0
m 697 1705 721 1718 0
n 840 1687 882 1738 0
n 884 1687 926 1738 0
l 928 1687 971 1738 0
l 973 1687 1016 1738 0
l 1018 1687 1060 1738 0
l 1062 1687 1105 1738 0
E 1149 1685 1196 1741 0
D 1196 1685 1241 1741 0
I 1241 1685 1286 1741 0
N 549 1681 562 1698 0
° 563 1690 571 1698 0
d 577 1681 588 1698 0
e 590 1681 601 1694 0
c 607 1681 618 1694 0
o 619 1681 631 1694 0
n 633 1681 643 1694 0
v 645 1681 656 1693 0
o 657 1681 668 1694 0
c 670 1681 680 1694 0
a 681 1681 699 1696 0
o 700 1681 712 1693 0
ﬂ 714 1681 725 1697 0
a 727 1681 737 1693 0
: 740 1681 744 1692 0
C 562 1623 576 1640 0
a 577 1623 587 1636 0
n 589 1623 600 1636 0
d 602 1623 613 1639 0
i 615 1623 619 1639 0
d 621 1623 632 1639 0
a 634 1623 644 1636 0
t 645 1623 651 1639 0
e 652 1623 663 1636 0
n 670 1623 681 1636 0
a 683 1623 693 1636 0
m 695 1623 712 1635 0
e 713 1622 724 1635 0
: 726 1622 730 1634 0
6 887 1589 905 1624 0
_ 1020 1618 1026 1622 0
W 555 1598 619 1615 0
W 621 1598 687 1614 0
W 689 1597 736 1614 0
l 836 1576 894 1633 0
m 894 1576 963 1633 0
n 963 1576 1030 1633 0
l 1030 1577 1097 1633 0
l 1097 1577 1165 1633 0
n 1165 1577 1233 1633 0
l 1233 1578 1301 1634 0
l 1301 1578 1369 1634 0
l 1369 1578 1437 1634 0
l 1437 1578 1500 1634 0
N 545 1574 558 1590 0
o 560 1574 572 1586 0
m 573 1574 590 1586 0
b 592 1574 604 1590 0
r 605 1574 612 1586 0
e 613 1574 624 1586 0
d 630 1574 641 1590 0
e 643 1574 654 1586 0
l 655 1574 659 1590 0
a 666 1573 677 1586 0
l 679 1574 682 1590 0
u 685 1573 695 1586 0
m 698 1573 714 1586 0
n 716 1573 727 1586 0
o 728 1573 740 1586 0
: 742 1573 746 1585 0
E 909 1590 923 1609 0
R 985 1586 1000 1619 0
u 1001 1590 1020 1608 0
J 1029 1583 1042 1609 0
[ 1048 1590 1052 1607 0
6 1054 1589 1071 1612 0
~ 463 2068 1539 2073 0
~ 463 2059 838 2068 0
~ 714 2032 838 2059 0
~ 1020 2027 1322 2057 0
~ 1020 2057 1539 2059 0
~ 1020 2059 1539 2068 0
~ 1500 2027 1539 2057 0
~ 1527 2015 1539 2027 0
~ 463 1955 475 2015 0
~ 463 2032 579 2059 0
~ 463 2015 475 2032 0
~ 1526 1955 1539 2015 0
~ 463 1853 475 1955 0
~ 463 1817 475 1853 0
~ 463 1800 475 1817 0
~ 1526 1817 1538 1853 0
~ 1526 1853 1539 1955 0
~ 1526 1800 1538 1817 0
~ 463 1767 474 1800 0
~ 463 1766 474 1767 0
~ 463 1755 474 1766 0
~ 1526 1767 1537 1800 0
~ 1526 1766 1537 1767 0
D 197 1761 212 1779 0
i 214 1761 218 1779 0
p 221 1756 233 1774 0
l 235 1761 239 1779 0
o 241 1760 254 1775 0
m 257 1761 276 1774 0
a 277 1760 289 1774 0
P 298 1760 312 1778 0
r 314 1760 322 1774 0
w 323 1755 350 1774 0
m 353 1760 373 1774 0
m 375 1760 394 1774 0
m 397 1760 415 1773 0
e 417 1760 430 1774 0
P 179 1733 193 1751 0
r 195 1733 203 1747 0
o 204 1733 217 1747 0
g 218 1728 230 1747 0
m 233 1733 253 1747 0
m 256 1733 275 1747 0
m 277 1733 296 1747 0
e 298 1733 310 1747 0
d 318 1733 330 1751 0
u 333 1732 346 1746 0
D 355 1732 370 1751 0
i 372 1733 376 1750 0
p 379 1727 392 1746 0
l 393 1732 397 1750 0
é 400 1732 413 1751 0
m 414 1732 433 1746 0
e 434 1732 447 1746 0
P 187 1706 200 1723 0
r 203 1706 211 1719 0
w 211 1701 238 1719 0
r 241 1706 249 1719 0
a 249 1706 261 1720 0
m 264 1706 283 1719 0
a 284 1705 296 1719 0
d 304 1705 317 1723 0
e 319 1705 332 1719 0
l 333 1705 337 1723 0
D 347 1705 362 1723 0
i 364 1705 368 1723 0
p 370 1700 383 1718 0
l 385 1705 389 1723 0
o 391 1705 404 1719 0
m 406 1705 425 1719 0
a 427 1705 438 1719 0
~ 463 1722 474 1755 0
~ 463 1656 474 1722 0
~ 463 1649 474 1656 0
~ 1525 1722 1537 1755 0
~ 1525 1656 1537 1722 0
~ 1526 1755 1537 1766 0
% 186 1653 224 1670 0
l 230 1653 234 1669 0
n 236 1653 247 1665 0
s 249 1653 260 1665 0
t 260 1653 267 1668 0
m 268 1652 287 1665 0
c 289 1652 300 1665 0
l 301 1653 307 1668 0
i 308 1653 312 1669 0
o 314 1652 326 1665 0
n 328 1652 339 1665 0
s 341 1652 351 1665 0
o 358 1652 370 1665 0
v 371 1652 382 1664 0
e 383 1652 394 1664 0
r 395 1652 403 1664 0
l 404 1652 407 1668 0
e 409 1652 420 1664 0
a 421 1652 432 1664 0
f 433 1652 440 1668 0
V 181 1628 194 1645 0
o 196 1628 208 1641 0
i 209 1628 213 1644 0
r 215 1628 223 1640 0
i 229 1628 233 1644 0
n 235 1628 246 1640 0
s 248 1628 258 1640 0
l 259 1628 265 1643 0
m 267 1628 286 1640 0
d 288 1627 306 1643 0
i 307 1628 311 1644 0
o 313 1627 325 1640 0
n 326 1628 337 1640 0
s 339 1627 350 1640 0
n 357 1627 368 1640 0
u 369 1627 380 1639 0
v 388 1627 398 1639 0
e 400 1627 411 1639 0
m 412 1626 443 1639 0
V 179 1604 192 1620 0
e 193 1603 204 1616 0
r 206 1604 213 1616 0
l 220 1604 223 1620 0
n 226 1604 236 1616 0
s 239 1603 249 1616 0
l 250 1603 256 1619 0
r 258 1603 265 1616 0
u 266 1603 277 1616 0
c 278 1603 289 1616 0
c 290 1603 301 1616 0
l 303 1603 306 1619 0
o 308 1603 320 1616 0
n 322 1603 332 1616 0
e 334 1603 346 1615 0
s 347 1603 357 1615 0
a 364 1603 375 1615 0
l 376 1603 380 1619 0
d 388 1602 399 1619 0
o 401 1602 413 1615 0
r 414 1603 422 1614 0
s 423 1602 433 1615 0
o 434 1602 446 1615 0
~ 463 1613 474 1649 0
~ 1525 1613 1537 1649 0
~ 1525 1649 1537 1656 0
~ 463 1545 840 1547 0
~ 1500 1547 1537 1613 0
~ 463 1588 474 1613 0
~ 463 1565 545 1588 0
~ 463 1547 836 1565 0
~ 746 1565 836 1588 0
l 610 1480 614 1495 0
n 616 1480 626 1492 0
v 627 1480 637 1491 0
i 639 1480 642 1495 0
g 644 1476 655 1492 0
l 656 1480 659 1495 0
l 661 1480 665 1495 0
a 666 1480 676 1492 0
l 677 1480 683 1494 0
o 684 1479 695 1492 0
r 696 1480 703 1491 0
o 709 1479 720 1492 0
n 721 1480 731 1491 0
l 733 1480 737 1495 0
y 739 1475 748 1491 0
: 751 1479 754 1491 0
C 986 1478 999 1494 0
a 1001 1478 1010 1490 0
n 1012 1479 1021 1490 0
d 1022 1478 1032 1494 0
i 1034 1479 1036 1494 0
d 1038 1479 1047 1493 0
a 1049 1478 1058 1491 0
t 1059 1479 1064 1493 0
e 1065 1478 1075 1491 0
a 1081 1479 1091 1491 0
b 1093 1479 1102 1494 0
s 1103 1479 1112 1491 0
e 1113 1479 1123 1491 0
n 1124 1479 1133 1491 0
t 1134 1479 1140 1494 0
( 1146 1476 1151 1494 0
i 1153 1479 1155 1494 0
n 1157 1479 1166 1491 0
s 1168 1479 1176 1491 0
e 1178 1479 1188 1491 0
n 1189 1479 1200 1494 0
x 1208 1481 1221 1494 0
i 1229 1480 1232 1495 0
f 1233 1480 1239 1495 0
a 1244 1480 1254 1492 0
p 1256 1476 1266 1492 0
p 1267 1476 1277 1492 0
l 1278 1481 1281 1495 0
i 1283 1481 1285 1495 0
w 1286 1480 1306 1492 0
b 1307 1480 1317 1495 0
l 1318 1481 1321 1495 0
e 1322 1480 1332 1492 0
) 1334 1477 1339 1495 0
A 552 1457 565 1477 0
v 572 1457 579 1469 0
m 579 1457 606 1469 0
p 609 1453 620 1469 0
l 621 1457 624 1472 0
l 626 1457 630 1472 0
r 632 1457 638 1469 0
m 645 1453 666 1469 0
r 668 1457 674 1469 0
l 681 1457 684 1472 0
e 686 1457 696 1469 0
s 703 1456 712 1469 0
u 714 1456 724 1468 0
n 726 1457 743 1468 0
e 743 1456 754 1468 0
l 755 1457 758 1472 0
l 760 1457 763 1472 0
l 766 1457 769 1472 0
a 771 1456 781 1468 0
n 782 1456 792 1468 0
t 794 1456 800 1471 0
: 807 1456 811 1467 0
C 969 1455 982 1471 0
a 983 1455 993 1467 0
n 995 1456 1004 1467 0
d 1005 1456 1015 1471 0
i 1016 1456 1019 1471 0
d 1020 1456 1030 1471 0
a 1031 1456 1041 1467 0
! 1042 1456 1047 1470 0
a 1053 1456 1062 1468 0
b 1064 1456 1074 1471 0
w 1075 1456 1094 1468 0
n 1096 1456 1105 1468 0
t 1106 1456 1111 1470 0
: 1118 1456 1121 1467 0
s 1128 1456 1137 1468 0
i 1138 1457 1141 1471 0
m 1148 1456 1168 1468 0
i 1170 1457 1173 1472 0
. 1175 1454 1177 1459 0
m 1185 1456 1215 1468 0
h 1216 1457 1226 1472 0
e 1227 1457 1237 1469 0
z 1238 1457 1247 1469 0
( 1254 1453 1258 1472 0
X 1262 1458 1274 1472 0
) 1278 1453 1283 1472 0
I 1295 1458 1298 1472 0
a 1299 1457 1309 1469 0
a 1316 1457 1336 1469 0
w 1337 1458 1357 1470 0
$ 514 1434 538 1450 0
l 539 1435 542 1450 0
o 544 1434 555 1446 0
m 562 1430 584 1446 0
r 585 1434 592 1446 0
a 593 1434 603 1446 0
ﬂ 609 1434 624 1449 0
a 631 1434 641 1446 0
u 643 1434 652 1445 0
m 654 1430 676 1446 0
r 677 1434 684 1445 0
v 685 1434 695 1445 0
l 696 1434 699 1449 0
s 701 1433 711 1445 0
o 712 1433 723 1445 0
v 724 1434 731 1445 0
m 737 1433 759 1449 0
l 760 1433 764 1448 0
e 770 1433 781 1445 0
x 782 1433 792 1444 0
a 793 1433 803 1445 0
m 804 1433 819 1444 0
e 820 1432 831 1444 0
n 832 1432 842 1444 0
: 845 1432 848 1443 0
A 926 1432 939 1447 0
l 941 1433 943 1447 0
u 945 1432 954 1444 0
m 955 1433 970 1444 0
n 972 1433 981 1444 0
a 982 1432 993 1444 0
a 999 1432 1008 1444 0
u 1010 1432 1019 1444 0
s 1021 1433 1029 1444 0
e 1030 1433 1040 1444 0
n 1042 1433 1051 1445 0
l 1052 1433 1057 1447 0
e 1058 1433 1068 1445 0
( 1074 1429 1079 1448 0
m 1081 1433 1095 1445 0
a 1097 1433 1106 1445 0
m 1108 1429 1124 1445 0
u 1125 1433 1135 1444 0
e 1136 1433 1146 1445 0
a 1152 1433 1172 1445 0
n 1174 1434 1183 1445 0
x 1191 1435 1204 1448 0
c 1212 1433 1222 1445 0
u 1223 1434 1232 1445 0
a 1233 1434 1243 1445 0
n 1245 1434 1254 1446 0
d 1255 1434 1265 1449 0
a 1266 1434 1277 1446 0
m 1283 1434 1317 1446 0
e 1317 1434 1327 1446 0
s 1328 1434 1337 1446 0
w 1339 1431 1360 1446 0
n 1361 1435 1370 1447 0
d 1371 1435 1381 1450 0
a 1382 1435 1392 1447 0
) 1394 1432 1399 1450 0
~ 403 1126 987 1132 0
~ 721 1058 1371 1068 0
~ 737 993 984 997 0
~ 790 793 957 797 0
~ 1162 700 1167 1328 0
~ 329 600 892 612 0
~ 1169 543 1174 1328 0
~ 854 542 859 1249 0
~ 1098 543 1105 1115 0
~ 390 484 396 1330 0
~ 531 484 538 1299 0
~ 717 486 723 1166 0
~ 467 472 473 992 0
~ 778 408 785 1301 0
~ 785 408 791 1260 0
~ 922 408 927 1246 0
~ 915 408 920 1242 0
1 305 1299 312 1315 0
E 328 1278 395 1334 0
C 400 1278 467 1333 0
E 471 1278 537 1333 0
D 542 1278 607 1333 0
{ 686 1277 749 1332 0
I 749 1277 819 1332 0
l 819 1262 889 1331 0
l 889 1262 959 1332 0
j 959 1277 989 1332 0
n 1067 1297 1090 1314 0
c 1102 1277 1168 1333 0
j 1172 1278 1236 1333 0
m 1241 1278 1306 1334 0
m 1311 1279 1377 1334 0
2 304 1231 315 1248 0
E 328 1211 392 1266 0
E 400 1195 467 1266 0
E 471 1210 536 1266 0
D 542 1210 607 1265 0
i 686 1195 749 1265 0
l 749 1195 819 1265 0
l 819 1194 889 1264 0
; 889 1195 959 1265 0
j 959 1210 989 1265 0
w 1066 1230 1089 1247 0
: 1102 1210 1166 1265 0
j 1172 1211 1236 1266 0
m 1241 1211 1305 1266 0
m 1310 1212 1376 1267 0
s 304 1163 315 1180 0
c 328 1143 394 1198 0
_ 400 1143 466 1148 0
s 471 1143 537 1198 0
m 542 1143 607 1198 0
u 686 1143 750 1179 0
; 750 1143 819 1197 0
1 819 1143 889 1197 0
; 889 1143 959 1197 0
j 959 1143 988 1197 0
u 1066 1163 1085 1179 0
m 1101 1143 1166 1198 0
j 1171 1144 1235 1199 0
m 1240 1144 1305 1199 0
m 1310 1144 1375 1199 0
« 304 1095 315 1111 0
C 328 1075 395 1131 0
Z 401 1060 466 1078 0
M 471 1075 537 1129 0
M 541 1075 607 1129 0
t 686 1075 748 1111 0
+ 748 1075 818 1090 0
i 818 1075 888 1129 0
i 888 1075 958 1130 0
j 958 1075 988 1129 0
n 1065 1095 1088 1112 0
: 1101 1076 1165 1131 0
j 1170 1076 1234 1131 0
ﬂ 1239 1076 1304 1132 0
ﬂ 1309 1077 1374 1132 0
5 304 1027 315 1044 0
E 328 1007 395 1062 0
_ 403 1008 463 1010 0
E 471 1008 536 1063 0
D 541 1008 607 1063 0
m 686 1008 747 1044 0
i 747 1008 817 1063 0
l 817 1008 887 1063 0
_ 887 1009 957 1011 0
J 957 1009 987 1062 0
n 1065 1029 1087 1045 0
u 1100 1009 1165 1063 0
D 1169 1009 1234 1064 0
U 1239 1009 1304 1064 0
U 1309 1009 1374 1064 0
6 304 960 315 976 0
5 328 940 395 995 0
: 400 940 466 995 0
: 471 940 535 996 0
m 541 941 607 996 0
w 685 942 747 996 0
¢ 747 942 818 995 0
¢ 818 942 887 993 0
4 887 942 957 958 0
j 957 942 987 996 0
u 1065 962 1087 978 0
: 1100 942 1164 997 0
j 1169 942 1234 997 0
m 1238 942 1303 997 0
m 1308 942 1374 997 0
v 304 893 315 909 0
c 328 872 395 928 0
z 399 873 465 928 0
g 470 859 536 929 0
m 540 874 606 929 0
{ 685 875 747 930 0
: 747 875 817 930 0
I 817 875 887 930 0
l 887 876 957 930 0
j 957 876 987 930 0
u 1064 895 1086 912 0
; 1100 860 1164 930 0
j 1169 875 1233 930 0
m 1238 875 1303 930 0
m 1308 875 1374 930 0
s 303 825 315 841 0
: 327 805 394 861 0
j 399 805 465 861 0
_ 469 806 534 810 0
m 540 806 606 862 0
{ 684 808 746 863 0
1 746 808 816 863 0
I 816 808 887 864 0
: 887 808 957 864 0
] 957 809 986 864 0
w 1064 828 1086 845 0
_ 1100 808 1164 812 0
j 1169 808 1233 864 0
m 1238 808 1303 863 0
m 1308 808 1373 863 0
s 303 758 314 774 0
i 327 737 394 793 0
g 398 738 464 794 0
m 469 738 535 794 0
a 539 739 605 795 0
{ 683 741 745 796 0
; 745 741 815 796 0
L 815 741 885 793 0
“ 885 742 955 745 0
J 955 742 986 793 0
v 1064 762 1087 778 0
; 1100 727 1164 796 0
j 1171 741 1233 796 0
D 1238 741 1303 796 0
D 1308 741 1373 796 0
w 291 689 313 706 0
m 326 670 393 726 0
: 397 670 464 726 0
: 469 671 534 727 0
m 539 672 605 728 0
ﬂ 683 673 745 729 0
I 745 674 815 729 0
I 815 674 885 730 0
: 885 674 955 730 0
] 955 674 986 730 0
n 1064 694 1086 710 0
# 1101 674 1164 700 0
j 1169 674 1233 729 0
D 1238 673 1303 729 0
D 1308 673 1373 729 0
" 291 622 310 639 0
V 326 603 392 658 0
T 397 603 463 658 0
_ 468 654 534 659 0
U 538 604 604 660 0
{ 682 626 745 661 0
T 745 643 815 662 0
r 815 592 885 662 0
l 885 592 955 662 0
j 955 607 986 662 0
w 1064 627 1086 644 0
j 1100 607 1164 662 0
j 1171 607 1233 661 0
m 1238 607 1303 661 0
m 1308 606 1373 661 0
n 291 555 313 572 0
E 325 535 389 590 0
C 396 535 462 591 0
E 467 536 530 592 0
D 537 536 603 592 0
{ 681 538 743 594 0
I 743 539 813 594 0
l 813 539 883 594 0
l 883 539 953 595 0
j 953 539 986 595 0
w 1064 560 1086 576 0
j 1100 540 1164 595 0
j 1171 540 1233 595 0
ﬂ 1238 540 1303 594 0
ﬂ 1307 540 1372 594 0
“ 290 488 312 505 0
E 325 468 380 523 0
Z 380 469 447 523 0
E 447 469 514 524 0
I 514 469 581 525 0
J 581 470 602 525 0
W 681 491 703 508 0
J 716 471 781 527 0
D 785 471 849 527 0
E 853 472 916 527 0
J 923 472 986 527 0
u 290 421 312 437 0
m 325 401 391 456 0
: 396 401 461 457 0
m 466 401 532 457 0
m 536 402 602 458 0
{ 681 403 745 459 0
: 745 403 814 459 0
I 814 404 884 460 0
: 884 404 954 460 0
] 954 405 986 460 0
~ 460 405 467 1330 0
~ 397 404 403 1195 0
O 321 304 334 318 0
l 339 304 342 317 0
n 344 304 353 314 0
l 353 304 357 316 0
e 358 304 367 314 0
m 368 304 391 314 0
u 392 304 400 317 0
o 401 304 410 314 0
n 411 304 419 314 0
a 420 304 428 314 0
l 429 304 432 317 0
B 438 304 448 318 0
a 449 304 458 314 0
m 459 304 485 314 0
l 486 304 488 317 0
a 489 304 498 314 0
u 499 304 507 314 0
r 508 304 514 314 0
e 514 304 522 315 0
a 524 304 532 314 0
l 533 304 537 316 0
e 538 304 546 315 0
m 552 301 579 318 0
a 581 305 589 315 0
n 591 304 599 315 0
i 600 305 602 318 0
z 604 304 611 315 0
a 613 305 621 315 0
l 622 305 626 318 0
l 627 305 629 318 0
n 631 305 639 315 0
n 640 305 649 316 0
O 667 305 681 319 0
O 686 305 698 319 0
m 699 302 713 316 0
a 714 306 722 316 0
m 724 306 735 319 0
a 737 306 753 316 0
l 754 306 758 318 0
i 760 306 762 319 0
o 760 306 772 319 0
n 773 306 781 317 0
d 787 306 795 320 0
u 796 306 805 316 0
B 810 306 820 320 0
a 821 306 829 317 0
m 831 307 856 317 0
l 857 307 860 320 0
a 861 307 869 317 0
m 871 307 885 317 0
é 885 307 893 321 0
a 895 307 903 317 0
l 904 307 908 319 0
I 914 307 916 320 0
n 918 307 927 318 0
l 928 307 932 320 0
e 933 307 941 318 0
m 942 307 965 318 0
l 966 307 970 320 0
l 971 307 974 321 0
o 975 308 984 318 0
n 985 308 993 318 0
a 994 308 1002 318 0
l 1003 308 1006 321 0
o 1025 308 1038 322 0
O 1043 308 1056 322 0
r 1057 308 1062 318 0
g 1062 305 1070 319 0
a 1072 308 1080 319 0
n 1081 308 1089 319 0
i 1090 309 1093 322 0
u 1094 308 1110 319 0
d 1112 309 1123 322 0
0 1124 309 1132 322 0
n 1133 309 1142 319 0
d 1147 309 1155 322 0
e 1157 309 1165 319 0
l 1166 309 1169 322 0
B 1176 309 1185 322 0
a 1186 309 1195 319 0
m 1196 309 1212 322 0
i 1213 309 1216 322 0
l 1218 309 1220 323 0
l 1221 309 1224 322 0
e 1225 309 1233 319 0
r 1235 310 1240 320 0
a 1240 309 1249 319 0
l 1250 309 1254 322 0
o 1254 309 1263 320 0
M 1269 309 1281 323 0
l 1282 310 1286 322 0
e 1287 310 1295 320 0
m 1296 309 1319 320 0
d 1320 310 1331 323 0
o 1333 310 1341 320 0
n 1342 310 1350 320 0
a 1351 310 1359 320 0
l 1361 310 1363 323 0
+ 153 115 234 210 0
+ 1441 123 1521 217 0